-9.210340371976181828e+00 -1.278443969042852579e+01
-6.811717363313801954e+00 -1.038516339407090250e+01
-6.165055557506442518e+00 -9.737345104742148649e+00
-5.775578499107180797e+00 -9.346128014663332095e+00
-5.495987341229741752e+00 -9.064214329147365135e+00
-5.277729948456412856e+00 -8.843179897676749945e+00
-5.098679144935561958e+00 -8.660756342381889183e+00
-4.946871284527062151e+00 -8.505079180106301706e+00
-4.815100615540534257e+00 -8.368975866931867458e+00
-4.698689178134459077e+00 -8.247714850887343019e+00
-4.594427297211943539e+00 -8.138057821236854394e+00
-4.500016899007851734e+00 -8.037789598699090376e+00
-4.413755958963217374e+00 -7.945249402270123440e+00
-4.334348676554616198e+00 -7.859147353030733640e+00
-4.260785676177044401e+00 -7.778458063103237841e+00
-4.192265353917441928e+00 -7.702350091705591595e+00
-4.128140496611240273e+00 -7.630182879869919610e+00
-4.067881014451987021e+00 -7.561473142488916110e+00
-4.011047281162869460e+00 -7.495813873121813131e+00
-3.957270652926950572e+00 -7.432856955966418155e+00
-3.906238964489795684e+00 -7.372301964620946002e+00
-3.857685550404029939e+00 -7.313887566812057983e+00
-3.811380810767696747e+00 -7.257384841329593606e+00
-3.767125645025714231e+00 -7.202591899614069426e+00
-3.724746278326231064e+00 -7.149325314727580150e+00
-3.684090140407137337e+00 -7.097454264243401312e+00
-3.645022550074521028e+00 -7.046874813543113625e+00
-3.607424023389968593e+00 -6.997492162755240663e+00
-3.571188069860172565e+00 -6.949219613021580422e+00
-3.536219374168385610e+00 -6.901977683270781760e+00
-3.502432285238900711e+00 -6.855693351667558666e+00
-3.469749552331180986e+00 -6.810299400929961777e+00
-3.438101261228736938e+00 -6.765733850638508962e+00
-3.407423933673034533e+00 -6.721939462761857165e+00
-3.377659760874859973e+00 -6.678863309087050837e+00
-3.348755947840209579e+00 -6.636456391213035211e+00
-3.320664149824625433e+00 -6.594672752938346427e+00
-3.293339985805741499e+00 -6.553469137829947222e+00
-3.266742616678334876e+00 -6.512821946290960007e+00
-3.240834378107088742e+00 -6.472711868868211482e+00
-3.215580459752238607e+00 -6.433120122635874516e+00
-3.190948624012318380e+00 -6.394028476816714601e+00
-3.166908958582344003e+00 -6.355419269892577105e+00
-3.143433658063037317e+00 -6.317275419752889754e+00
-3.120496830621907414e+00 -6.279580428169287742e+00
-3.098074326334919970e+00 -6.242318380667422062e+00
-3.076143584355182536e+00 -6.205473942686114519e+00
-3.054683496483862726e+00 -6.169032352763219151e+00
-3.033674285075258936e+00 -6.132979413361788978e+00
-3.013097393505906219e+00 -6.097301479845458339e+00
-2.992935387687488902e+00 -6.061985448024421075e+00
-2.973171867313691763e+00 -6.027018740620563086e+00
-2.953791385708878892e+00 -5.992389292939479084e+00
-2.934779377297178193e+00 -5.958085537986408831e+00
-2.916122091838754482e+00 -5.924096072786716682e+00
-2.897806534689471469e+00 -5.890404556750431730e+00
-2.879820412433804488e+00 -5.857005590800579142e+00
-2.862152083321292118e+00 -5.823897795458242932e+00
-2.844790512006062144e+00 -5.791079277275729353e+00
-2.827725228148767922e+00 -5.758547699465939473e+00
-2.810946288492029765e+00 -5.726300344881503968e+00
-2.794444242065415196e+00 -5.694334172112653469e+00
-2.778210098215084578e+00 -5.662645865402340384e+00
-2.762235297187316529e+00 -5.631231879011339814e+00
-2.746511683024956962e+00 -5.600088476605524335e+00
-2.731031478561925407e+00 -5.569211766181761725e+00
-2.715787262323861473e+00 -5.538597730997952162e+00
-2.700771947163165709e+00 -5.508242256926165759e+00
-2.685978760474464710e+00 -5.478141156605754958e+00
-2.671401225852263916e+00 -5.448290190734887517e+00
-2.657033146066437368e+00 -5.418685086804419626e+00
-2.642868587243547562e+00 -5.389321555546735532e+00
-2.628901864152933143e+00 -5.360195305344007011e+00
-2.615127526506253464e+00 -5.331302054814940128e+00
-2.601540346187861896e+00 -5.302637543776332230e+00
-2.588135305341129122e+00 -5.274197542755199031e+00
-2.574907585242782293e+00 -5.245977861208902304e+00
-2.561852555903528117e+00 -5.217974354594165476e+00
-2.548965766338796346e+00 -5.190182930411128659e+00
-2.536242935458442371e+00 -5.162599553335270208e+00
-2.523679943528756464e+00 -5.135220249538241077e+00
-2.511272824164164863e+00 -5.108040622259269803e+00
-2.499017756809673418e+00 -5.081053976324765742e+00
-2.486911059678406755e+00 -5.054259282343827486e+00
-2.474949183111572193e+00 -5.027656455727130158e+00
-2.463128703330891067e+00 -5.001245157362204985e+00
-2.451446316555983440e+00 -4.975024819367402706e+00
-2.439898833461419336e+00 -4.948994668694582266e+00
-2.428483173950171103e+00 -4.923153748746013747e+00
-2.417196362222034267e+00 -4.897500939159953326e+00
-2.406035522117269121e+00 -4.872034973908705879e+00
-2.394997872717232301e+00 -4.846754457842902930e+00
-2.384080724185159816e+00 -4.821657881805988310e+00
-2.373281473831545973e+00 -4.796743636433936864e+00
-2.362597602389718610e+00 -4.772010024746498047e+00
-2.352026670488275961e+00 -4.747455273628303551e+00
-2.341566315308027946e+00 -4.723077544290583241e+00
-2.331214247411986129e+00 -4.698874941797217986e+00
-2.320968247737760670e+00 -4.674845523732285457e+00
-2.310826164742477928e+00 -4.650987308080187788e+00
-2.300785911691036301e+00 -4.627298280383780771e+00
-2.290845464079145355e+00 -4.603776400240678690e+00
-2.281002857183191512e+00 -4.580419607193090492e+00
-2.271256183729511324e+00 -4.557225826062061280e+00
-2.261603591676156544e+00 -4.534192971772817771e+00
-2.252043282100700150e+00 -4.511318953714198443e+00
-2.242573507188053927e+00 -4.488601679671543998e+00
-2.233192568312672321e+00 -4.466039059369240505e+00
-2.223898814209876562e+00 -4.443629007656130447e+00
-2.214690639231375435e+00 -4.421369447364268623e+00
-2.205566481680372615e+00 -4.399258311868952553e+00
-2.196524822221945783e+00 -4.377293547375709970e+00
-2.187564182364647447e+00 -4.355473114957748137e+00
-2.178683123009530487e+00 -4.333794992365434418e+00
-2.169880243063043501e+00 -4.312257175627605577e+00
-2.161154178110447077e+00 -4.290857680462844215e+00
-2.152503599146605939e+00 -4.269594543517330365e+00
-2.143927211361216667e+00 -4.248465823444569800e+00
-2.135423752975679434e+00 -4.227469601840925684e+00
-2.126991994129009633e+00 -4.206601940914513449e+00
-2.118630735810327348e+00 -4.185858626224379542e+00
-2.110338808835606095e+00 -4.165239650144139993e+00
-2.102115072866497680e+00 -4.144744958981953609e+00
-2.093958415469173495e+00 -4.124374395490772116e+00
-2.085867751211238907e+00 -4.104127707178812479e+00
-2.077842020794891997e+00 -4.084004554067989012e+00
-2.069880190224585803e+00 -4.064004515933939743e+00
-2.061981250007570043e+00 -4.044127099059574348e+00
-2.054144214385754452e+00 -4.024371742532341756e+00
-2.046368120597446438e+00 -4.004737824113762557e+00
-2.038652028167563746e+00 -3.985224665708218872e+00
-2.030995018225026261e+00 -3.965831538456405347e+00
-2.023396192846085739e+00 -3.946557667477405662e+00
-2.015854674422410397e+00 -3.927402236281952952e+00
-2.008369605052827467e+00 -3.908364390878086958e+00
-2.000940145957657013e+00 -3.889443243589117749e+00
-1.993565476914643142e+00 -3.870637876602657901e+00
-1.986244795715530476e+00 -3.851947345268261103e+00
-1.978977317642392597e+00 -3.833370681160165105e+00
-1.971762274962845840e+00 -3.814906894920591096e+00
-1.964598916443348831e+00 -3.796554978898093680e+00
-1.957486506879807964e+00 -3.778313909594494202e+00
-1.950424326644757622e+00 -3.760182649933149879e+00
-1.943411671250419470e+00 -3.742160151360415465e+00
-1.936447850926975356e+00 -3.724245355791439671e+00
-1.929532190215422105e+00 -3.706437197410704876e+00
-1.922664027574410017e+00 -3.688734604337057021e+00
-1.915842715000490637e+00 -3.671136500162301086e+00
-1.909067617661227123e+00 -3.653641805371921070e+00
-1.902338113540652964e+00 -3.636249438655841271e+00
-1.895653593096577882e+00 -3.618958318116684225e+00
-1.889013458929273082e+00 -3.601767362382465087e+00
-1.882417125461083307e+00 -3.584675491630231470e+00
-1.875864018626538066e+00 -3.567681628526678583e+00
-1.869353575572548110e+00 -3.550784699091446672e+00
-1.862885244368300830e+00 -3.533983633488358755e+00
-1.856458483724476860e+00 -3.517277366749560041e+00
-1.850072762721431063e+00 -3.500664839437157561e+00
-1.843727560545999511e+00 -3.484144998246690772e+00
-1.837422366236601379e+00 -3.467716796556422398e+00
-1.831156678436329122e+00 -3.451379194926243787e+00
-1.824930005153723833e+00 -3.435131161549677348e+00
-1.818741863530953129e+00 -3.418971672662256989e+00
-1.812591779619119325e+00 -3.402899712909341901e+00
-1.806479288160432572e+00 -3.386914275676220942e+00
-1.800403932377001359e+00 -3.371014363383169510e+00
-1.794365263766001917e+00 -3.355198987747933348e+00
-1.788362841900993816e+00 -3.339467170017983211e+00
-1.782396234239162380e+00 -3.323817941174685320e+00
-1.776465015934279856e+00 -3.308250342111417552e+00
-1.770568769655177732e+00 -3.292763423787516075e+00
-1.764707085409542131e+00 -3.277356247359822561e+00
-1.758879560372842432e+00 -3.262027884293447588e+00
-1.753085798722215261e+00 -3.246777416453320519e+00
-1.747325411475133317e+00 -3.231603671831091873e+00
-1.741598016332695398e+00 -3.216505048631102870e+00
-1.735903237527375742e+00 -3.201481263513083153e+00
-1.730240705675088142e+00 -3.186532129266749447e+00
-1.724610057631411397e+00 -3.171657434109822926e+00
-1.719010936351841323e+00 -3.156856943282100314e+00
-1.713442990755934092e+00 -3.142130400557095804e+00
-1.707905875595209455e+00 -3.127477529675210199e+00
-1.702399251324691720e+00 -3.112898035702204691e+00
-1.696922783977968363e+00 -3.098391606316604374e+00
-1.691476145045651691e+00 -3.083957913029463871e+00
-1.686059011357130544e+00 -3.069596612339831943e+00
-1.680671064965510775e+00 -3.055307346829044146e+00
-1.675311993035635716e+00 -3.041089746196861121e+00
-1.669981487735092918e+00 -3.026943428242329315e+00
-1.664679246128110135e+00 -3.012867999792103291e+00
-1.659404970072250185e+00 -2.998863057578830649e+00
-1.654158366117813417e+00 -2.984928189072108662e+00
-1.648939145409868745e+00 -2.971062973264369855e+00
-1.643747023592825096e+00 -2.957266981413964047e+00
-1.638581720717470214e+00 -2.943539777747577801e+00
-1.633442961150394890e+00 -2.929880920124062982e+00
-1.628330473485735563e+00 -2.916289960661585301e+00
-1.623243990459159125e+00 -2.902766446329993144e+00
-1.618183248864026647e+00 -2.889309919510132829e+00
-1.613147989469664978e+00 -2.875919918521815166e+00
-1.608137956941688707e+00 -2.862595978122015161e+00
-1.603152899764305417e+00 -2.849337629974827202e+00
-1.598192570164549853e+00 -2.836144403094625233e+00
-1.593256724038387029e+00 -2.823015824263780615e+00
-1.588345120878630112e+00 -2.809951418426268610e+00
-1.583457523704620451e+00 -2.796950709058381612e+00
-1.578593698993617123e+00 -2.784013218517734423e+00
-1.573753416613847378e+00 -2.771138468371677988e+00
-1.568936449759169349e+00 -2.758325979706194975e+00
-1.564142574885300618e+00 -2.745575273416262174e+00
-1.559371571647569121e+00 -2.732885870478668267e+00
-1.554623222840139984e+00 -2.720257292208178246e+00
-1.549897314336681431e+00 -2.707689060497919797e+00
-1.545193635032422019e+00 -2.695180698044803425e+00
-1.540511976787569237e+00 -2.682731728560772133e+00
-1.535852134372041489e+00 -2.670341676970601430e+00
-1.531213905411485277e+00 -2.658010069596971725e+00
-1.526597090334537388e+00 -2.645736434333472165e+00
-1.522001492321298333e+00 -2.633520300806171832e+00
-1.517426917252984619e+00 -2.621361200524359614e+00
-1.512873173662728776e+00 -2.609258667021031375e+00
-1.508340072687492928e+00 -2.597212235983648476e+00
-1.503827428021066615e+00 -2.585221445375712523e+00
-1.499335055868123767e+00 -2.573285835549618650e+00
-1.494862774899303526e+00 -2.561404949351266946e+00
-1.490410406207291816e+00 -2.549578332216865029e+00
-1.485977773263879032e+00 -2.537805532262350727e+00
-1.481564701877960966e+00 -2.526086100365815490e+00
-1.477171020154465220e+00 -2.514419590243323732e+00
-1.472796558454176452e+00 -2.502805558518472751e+00
-1.468441149354433595e+00 -2.491243564786040920e+00
-1.464104627610682385e+00 -2.479733171670040814e+00
-1.459786830118855905e+00 -2.468273944876492099e+00
-1.455487595878564910e+00 -2.456865453241186881e+00
-1.451206765957075984e+00 -2.445507268772748599e+00
-1.446944183454055954e+00 -2.434198966691221599e+00
-1.442699693467067057e+00 -2.422940125462458738e+00
-1.438473143057788617e+00 -2.411730326828529503e+00
-1.434264381218952167e+00 -2.400569155834376023e+00
-1.430073258841966899e+00 -2.389456200850939016e+00
-1.425899628685223020e+00 -2.378391053594933080e+00
-1.421743345343051912e+00 -2.367373309145485827e+00
-1.417604265215330006e+00 -2.356402565957809614e+00
-1.413482246477708593e+00 -2.345478425874077288e+00
-1.409377149052454925e+00 -2.334600494131669368e+00
-1.405288834579888180e+00 -2.323768379368951642e+00
-1.401217166390399615e+00 -2.312980881363910335e+00
-1.397162009477037170e+00 -2.302236835410695903e+00
-1.393123230468644946e+00 -2.291536221536770501e+00
-1.389100697603543599e+00 -2.280879012403932204e+00
-1.385094280703736747e+00 -2.270265170490355811e+00
-1.381103851149632522e+00 -2.259694648560199859e+00
-1.377129281855267395e+00 -2.249167390115305754e+00
-1.373170447244021375e+00 -2.238683329829652902e+00
-1.369227223224810164e+00 -2.228242393967141854e+00
-1.365299487168745829e+00 -2.217844500783308970e+00
-1.361387117886255105e+00 -2.207489560911537918e+00
-1.357489995604641786e+00 -2.197177477734323592e+00
-1.353608001946084993e+00 -2.186908147740113328e+00
-1.349741019906064654e+00 -2.176681460866259687e+00
-1.345888933832199097e+00 -2.166497300828569728e+00
-1.342051629403492541e+00 -2.156355545437947718e+00
-1.338228993609976714e+00 -2.146256066904595805e+00
-1.334420914732739938e+00 -2.136198732130227373e+00
-1.330627282324337246e+00 -2.126183402988726989e+00
-1.326847987189568645e+00 -2.116209936595691232e+00
-1.323082921366619535e+00 -2.106278185567254546e+00
-1.319331978108555736e+00 -2.096387998268591346e+00
-1.315595051865163345e+00 -2.086539219052486960e+00
-1.311872038265127882e+00 -2.076731688488333560e+00
-1.308162834098541172e+00 -2.066965243581925460e+00
-1.304467337299735963e+00 -2.057239717986374394e+00
-1.300785446930432077e+00 -2.047554942204494743e+00
-1.297117063163193862e+00 -2.037910743782973100e+00
-1.293462087265190519e+00 -2.028306947498630386e+00
-1.289820421582250409e+00 -2.018743375537068729e+00
-1.286191969523206025e+00 -2.009219847664007297e+00
-1.282576635544520727e+00 -1.999736181389553558e+00
-1.278974325135194601e+00 -1.990292192125715509e+00
-1.275384944801938314e+00 -1.980887693337374467e+00
-1.271808402054613651e+00 -1.971522496686994641e+00
-1.268244605391934510e+00 -1.962196412173288440e+00
-1.264693464287419467e+00 -1.952909248264085740e+00
-1.261154889175593707e+00 -1.943660812023603857e+00
-1.257628791438436533e+00 -1.934450909234359584e+00
-1.254115083392062679e+00 -1.925279344513910473e+00
-1.250613678273640339e+00 -1.916145921426627430e+00
-1.247124490228536553e+00 -1.907050442590691119e+00
-1.243647434297684429e+00 -1.897992709780498277e+00
-1.240182426405171512e+00 -1.888972524024643107e+00
-1.236729383346041544e+00 -1.879989685699661184e+00
-1.233288222774305387e+00 -1.871043994619683515e+00
-1.229858863191158003e+00 -1.862135250122169960e+00
-1.226441223933398383e+00 -1.853263251149867008e+00
-1.223035225162043327e+00 -1.844427796329142444e+00
-1.219640787851137498e+00 -1.835628684044823267e+00
-1.216257833776751562e+00 -1.826865712511694717e+00
-1.212886285506165729e+00 -1.818138679842771221e+00
-1.209526066387234700e+00 -1.809447384114473145e+00
-1.206177100537932256e+00 -1.800791623428827926e+00
-1.202839312836068375e+00 -1.792171195972817044e+00
-1.199512628909177758e+00 -1.783585900074966535e+00
-1.196196975124578232e+00 -1.775035534259306047e+00
-1.192892278579590348e+00 -1.766519897296789265e+00
-1.189598467091919076e+00 -1.758038788254275842e+00
-1.186315469190194927e+00 -1.749592006541174305e+00
-1.183043214104668062e+00 -1.741179351953834109e+00
-1.179781631758053617e+00 -1.732800624717781401e+00
-1.176530652756529349e+00 -1.724455625527872238e+00
-1.173290208380874056e+00 -1.716144155586461384e+00
-1.170060230577753435e+00 -1.707866016639649764e+00
-1.166840651951144059e+00 -1.699621011011698712e+00
-1.163631405753895454e+00 -1.691408941637675412e+00
-1.160432425879427187e+00 -1.683229612094407912e+00
-1.157243646853558072e+00 -1.675082826629805011e+00
-1.154065003826466151e+00 -1.666968390190620930e+00
-1.150896432564774585e+00 -1.658886108448717200e+00
-1.147737869443762992e+00 -1.650835787825884582e+00
-1.144589251439703581e+00 -1.642817235517281205e+00
-1.141450516122313408e+00 -1.634830259513551542e+00
-1.138321601647328096e+00 -1.626874668621661302e+00
-1.135202446749191019e+00 -1.618950272484519726e+00
-1.132092990733853721e+00 -1.611056881599427504e+00
-1.128993173471690481e+00 -1.603194307335398916e+00
-1.125902935390522552e+00 -1.595362361949407060e+00
-1.122822217468746553e+00 -1.587560858601596570e+00
-1.119750961228572095e+00 -1.579789611369497138e+00
-1.116689108729361557e+00 -1.572048435261294230e+00
-1.113636602561070887e+00 -1.564337146228181874e+00
-1.110593385837790548e+00 -1.556655561175845470e+00
-1.107559402191385267e+00 -1.549003497975099730e+00
-1.104534595765228833e+00 -1.541380775471733910e+00
-1.101518911208034357e+00 -1.533787213495573010e+00
-1.098512293667776252e+00 -1.526222632868814655e+00
-1.095514688785704571e+00 -1.518686855413651227e+00
-1.092526042690446841e+00 -1.511179703959218079e+00
-1.089546301992200705e+00 -1.503701002347893612e+00
-1.086575413777010057e+00 -1.496250575440980057e+00
-1.083613325601126443e+00 -1.488828249123783865e+00
-1.080659985485456609e+00 -1.481433850310136302e+00
-1.077715341910086666e+00 -1.474067206946364728e+00
-1.074779343808891285e+00 -1.466728148014743605e+00
-1.071851940564219730e+00 -1.459416503536449472e+00
-1.068933082001659152e+00 -1.452132104574037852e+00
-1.066022718384875168e+00 -1.444874783233469628e+00
-1.063120800410527034e+00 -1.437644372665693560e+00
-1.060227279203254769e+00 -1.430440707067821782e+00
-1.057342106310741103e+00 -1.423263621683905189e+00
-1.054465233698844262e+00 -1.416112952805328451e+00
-1.051596613746796693e+00 -1.408988537770844873e+00
-1.048736199242478184e+00 -1.401890214966267534e+00
-1.045883943377752034e+00 -1.394817823823823799e+00
-1.043039799743869622e+00 -1.387771204821205417e+00
-1.040203722326940028e+00 -1.380750199480311524e+00
-1.037375665503461830e+00 -1.373754650365710761e+00
-1.034555584035921516e+00 -1.366784401082828726e+00
-1.031743433068449400e+00 -1.359839296275879850e+00
-1.028939168122540382e+00 -1.352919181625547917e+00
-1.026142745092832209e+00 -1.346023903846438552e+00
-1.023354120242943033e+00 -1.339153310684303877e+00
-1.020573250201367577e+00 -1.332307250913059349e+00
-1.017800091957429265e+00 -1.325485545110673069e+00
-1.015034602857288748e+00 -1.318687534630768932e+00
-1.012276740600007718e+00 -1.311913002961220043e+00
-1.009526463233666904e+00 -1.305161953581184253e+00
-1.006783729151535578e+00 -1.298434386387334882e+00
-1.004048497088296577e+00 -1.291730297810442130e+00
-1.001320726116320614e+00 -1.285049680928738614e+00
-9.986003756419905564e-01 -1.278392525578157857e+00
-9.958874054020783184e-01 -1.271758818459506335e+00
-9.931817754601689474e-01 -1.265148543242663015e+00
-9.904834462031322229e-01 -1.258561680667871441e+00
-9.877923783376433287e-01 -1.251998208644200750e+00
-9.851085328867504876e-01 -1.245458102345249563e+00
-9.824318711864858944e-01 -1.238941334302162689e+00
-9.797623548825249440e-01 -1.232447874494022599e+00
-9.770999459268885357e-01 -1.225977690435695600e+00
-9.744446065746886765e-01 -1.219530747263190218e+00
-9.717962993809179384e-01 -1.213107007816597749e+00
-9.691549871972817698e-01 -1.206706432720669353e+00
-9.665206331690708863e-01 -1.200328980463100104e+00
-9.638932007320766271e-01 -1.193974607470583482e+00
-9.612726536095453911e-01 -1.187643268182677181e+00
-9.586589558091735963e-01 -1.181334915123560814e+00
-9.560520716201412750e-01 -1.175049498971725948e+00
-9.534519656101846374e-01 -1.168786968627657741e+00
-9.508586026227068277e-01 -1.162547271279565253e+00
-9.482719477739252056e-01 -1.156330352467209055e+00
-9.456919664500559319e-01 -1.150136156143872546e+00
-9.431186243045353024e-01 -1.143964624736540037e+00
-9.405518872552757204e-01 -1.137815699204317799e+00
-9.379917214819570859e-01 -1.131689319095149804e+00
-9.354380934233537115e-01 -1.125585422600873908e+00
-9.328909697746939900e-01 -1.119503946610668654e+00
-9.303503174850539237e-01 -1.113444826762921336e+00
-9.278161037547848489e-01 -1.107407997495575946e+00
-9.252882960329715800e-01 -1.101393392094991874e+00
-9.227668620149244161e-01 -1.095400942743359085e+00
-9.202517696397021219e-01 -1.089430580564705542e+00
-9.177429870876654405e-01 -1.083482235669541494e+00
-9.152404827780615815e-01 -1.077555837198168831e+00
-9.127442253666397942e-01 -1.071651313362701918e+00
-9.102541837432948091e-01 -1.065768591487831651e+00
-9.077703270297404758e-01 -1.059907598050363386e+00
-9.052926245772134894e-01 -1.054068258717568929e+00
-9.028210459642026509e-01 -1.048250498384385665e+00
-9.003555609942086591e-01 -1.042454241209483712e+00
-8.978961396935304373e-01 -1.036679410650248823e+00
-8.954427523090783270e-01 -1.030925929496701476e+00
-8.929953693062147035e-01 -1.025193719904379241e+00
-8.905539613666206833e-01 -1.019482703426221493e+00
-8.881184993861885868e-01 -1.013792801043476022e+00
-8.856889544729398267e-01 -1.008123933195655741e+00
-8.832652979449696629e-01 -1.002476019809575680e+00
-8.808475013284140509e-01 -9.968489803274941385e-01
-8.784355363554432472e-01 -9.912427337343818756e-01
-8.760293749622789505e-01 -9.856571985843474160e-01
-8.736289892872345364e-01 -9.800922930262343513e-01
-8.712343516687797162e-01 -9.745479348284291632e-01
-8.688454346436278453e-01 -9.690240414028803428e-01
-8.664622109448458787e-01 -9.635205298283712194e-01
-8.640846534999871986e-01 -9.580373168730567102e-01
-8.617127354292464236e-01 -9.525743190162860863e-01
-8.593464300436358672e-01 -9.471314524697340698e-01
-8.569857108431837567e-01 -9.417086331978610225e-01
-8.546305515151533250e-01 -9.363057769377137740e-01
-8.522809259322837727e-01 -9.309227992180959532e-01
-8.499368081510502160e-01 -9.255596153781195934e-01
-8.475981724099455050e-01 -9.202161405851569942e-01
-8.452649931277816941e-01 -9.148922898522072744e-01
-8.429372449020103852e-01 -9.095879780547040383e-01
-8.406149025070636105e-01 -9.043031199467631565e-01
-8.382979408927141440e-01 -8.990376301769038569e-01
-8.359863351824534661e-01 -8.937914233032484557e-01
-8.336800606718890450e-01 -8.885644138082176013e-01
-8.313790928271614922e-01 -8.833565161127355791e-01
-8.290834072833769275e-01 -8.781676445899626593e-01
-8.267929798430601052e-01 -8.729977135785603748e-01
-8.245077864746238605e-01 -8.678466373955128210e-01
-8.222278033108557649e-01 -8.627143303485099723e-01
-8.199530066474227663e-01 -8.576007067479086698e-01
-8.176833729413930385e-01 -8.525056809182799400e-01
-8.154188788097727070e-01 -8.474291672095630723e-01
-8.131595010280614488e-01 -8.423710800078230143e-01
-8.109052165288234137e-01 -8.373313337456398386e-01
-8.086560024002732439e-01 -8.323098429121279507e-01
-8.064118358848793022e-01 -8.273065220626012461e-01
-8.041726943779827774e-01 -8.223212858278936555e-01
-8.019385554264303329e-01 -8.173540489233468431e-01
-7.997093967272237425e-01 -8.124047261574676160e-01
-7.974851961261844036e-01 -8.074732324402769112e-01
-7.952659316166315051e-01 -8.025594827913467011e-01
-7.930515813380758505e-01 -7.976633923475429100e-01
-7.908421235749283351e-01 -7.927848763704782309e-01
-7.886375367552214133e-01 -7.879238502536842770e-01
-7.864377994493454427e-01 -7.830802295295152815e-01
-7.842428903687996833e-01 -7.782539298757807922e-01
-7.820527883649551759e-01 -7.734448671221294536e-01
-7.798674724278324977e-01 -7.686529572561791035e-01
-7.776869216848921740e-01 -7.638781164294085047e-01
-7.755111153998391904e-01 -7.591202609628125986e-01
-7.733400329714388288e-01 -7.543793073523328285e-01
-7.711736539323469364e-01 -7.496551722740631973e-01
-7.690119579479521850e-01 -7.449477725892458269e-01
-7.668549248152304321e-01 -7.402570253490575736e-01
-7.647025344616121822e-01 -7.355828477991941394e-01
-7.625547669438620391e-01 -7.309251573842602268e-01
-7.604116024469690371e-01 -7.262838717519701781e-01
-7.582730212830508520e-01 -7.216589087571618766e-01
-7.561390038902680022e-01 -7.170501864656347868e-01
-7.540095308317504852e-01 -7.124576231578151342e-01
-7.518845827945351834e-01 -7.078811373322517753e-01
-7.497641405885154819e-01 -7.033206477089481989e-01
-7.476481851454011007e-01 -6.987760732325420943e-01
-7.455366975176889177e-01 -6.942473330753237137e-01
-7.434296588776458936e-01 -6.897343466401119061e-01
-7.413270505163007673e-01 -6.852370335629842657e-01
-7.392288538424475197e-01 -6.807553137158682821e-01
-7.371350503816599398e-01 -6.762891072089947109e-01
-7.350456217753144061e-01 -6.718383343932259333e-01
-7.329605497796244373e-01 -6.674029158622479807e-01
-7.308798162646855667e-01 -6.629827724546488721e-01
-7.288034032135286555e-01 -6.585778252558713852e-01
-7.267312927211840856e-01 -6.541879956000524743e-01
-7.246634669937557227e-01 -6.498132050717504438e-01
-7.225999083475034279e-01 -6.454533755075655410e-01
-7.205405992079361166e-01 -6.411084289976495265e-01
-7.184855221089139210e-01 -6.367782878871208752e-01
-7.164346596917589016e-01 -6.324628747773759496e-01
-7.143879947043749734e-01 -6.281621125273076922e-01
-7.123455100003783791e-01 -6.238759242544305028e-01
-7.103071885382343797e-01 -6.196042333359149668e-01
-7.082730133804049366e-01 -6.153469634095399821e-01
-7.062429676925042754e-01 -6.111040383745547366e-01
-7.042170347424623333e-01 -6.068753823924635249e-01
-7.021951978996978649e-01 -6.026609198877338480e-01
-7.001774406342992085e-01 -5.984605755484225798e-01
-6.981637465162134903e-01 -5.942742743267348526e-01
-6.961540992144434892e-01 -5.901019414395095586e-01
-6.941484824962531608e-01 -5.859435023686339061e-01
-6.921468802263817111e-01 -5.817988828613944730e-01
-6.901492763662631091e-01 -5.776680089307640875e-01
-6.881556549732565919e-01 -5.735508068556259831e-01
-6.861660001998818315e-01 -5.694472031809344470e-01
-6.841802962930648713e-01 -5.653571247178270642e-01
-6.821985275933876158e-01 -5.612804985436690153e-01
-6.802206785343486439e-01 -5.572172520020531872e-01
-6.782467336416285741e-01 -5.531673127027419978e-01
-6.762766775323638679e-01 -5.491306085215623689e-01
-6.743104949144277382e-01 -5.451070676002526261e-01
-6.723481705857182744e-01 -5.410966183462553314e-01
-6.703896894334520073e-01 -5.370991894324778082e-01
-6.684350364334665784e-01 -5.331147097969963777e-01
-6.664841966495290704e-01 -5.291431086427260677e-01
-6.645371552326510001e-01 -5.251843154370476885e-01
-6.625938974204098608e-01 -5.212382599113961623e-01
-6.606544085362781038e-01 -5.173048720608117712e-01
-6.587186739889583365e-01 -5.133840821434519919e-01
-6.567866792717235169e-01 -5.094758206800754641e-01
-6.548584099617654752e-01 -5.055800184534852137e-01
-6.529338517195487634e-01 -5.016966065079433434e-01
-6.510129902881709452e-01 -4.978255161485563574e-01
-6.490958114927281031e-01 -4.939666789406242375e-01
-6.471823012396891173e-01 -4.901200267089713125e-01
-6.452724455162716088e-01 -4.862854915372387121e-01
-6.433662303898279866e-01 -4.824630057671585592e-01
-6.414636420072347134e-01 -4.786525019977988515e-01
-6.395646665942886777e-01 -4.748539130847858614e-01
-6.376692904551086727e-01 -4.710671721395047196e-01
-6.357774999715430919e-01 -4.672922125282709671e-01
-6.338892816025821775e-01 -4.635289678714927253e-01
-6.320046218837769292e-01 -4.597773720428012245e-01
-6.301235074266627878e-01 -4.560373591681676220e-01
-6.282459249181893135e-01 -4.523088636250033878e-01
-6.263718611201544162e-01 -4.485918200412342127e-01
-6.245013028686450252e-01 -4.448861810522614646e-01
-6.226342370734814224e-01 -4.411922280550534814e-01
-6.207706507176679045e-01 -4.375100446793866449e-01
-6.189105308568485508e-01 -4.338395856688654351e-01
-6.170538646187675447e-01 -4.301808057733323976e-01
-6.152006392027343784e-01 -4.265336597519461814e-01
-6.133508418790954986e-01 -4.228981023761664848e-01
-6.115044599887078380e-01 -4.192740884326604522e-01
-6.096614809424206749e-01 -4.156615727261159798e-01
-6.078218922205594899e-01 -4.120605100819772493e-01
-6.059856813724163738e-01 -4.084708553490996041e-01
-6.041528360157438771e-01 -4.048925634023217146e-01
-6.023233438362547432e-01 -4.013255891449662993e-01
-6.004971925871246397e-01 -3.977698875112581356e-01
-5.986743700885006625e-01 -3.942254134686785094e-01
-5.968548642270140592e-01 -3.906921220202375644e-01
-5.950386629552970597e-01 -3.871699682066829795e-01
-5.932257542915042592e-01 -3.836589071086402014e-01
-5.914161263188378870e-01 -3.801588938486802904e-01
-5.896097671850794031e-01 -3.766698835933320888e-01
-5.878066651021215394e-01 -3.731918315550191712e-01
-5.860068083455082233e-01 -3.697246929939435600e-01
-5.842101852539767215e-01 -3.662684232199059364e-01
-5.824167842290042252e-01 -3.628229775940640667e-01
-5.806265937343584316e-01 -3.593883115306383824e-01
-5.788396022956532327e-01 -3.559643804985537785e-01
-5.770557984999061807e-01 -3.525511400230360581e-01
-5.752751709951017256e-01 -3.491485456871442072e-01
-5.734977084897577848e-01 -3.457565531332570385e-01
-5.717233997524960865e-01 -3.423751180645075998e-01
-5.699522336116160659e-01 -3.390041962461629033e-01
-5.681841989546737581e-01 -3.356437435069619113e-01
-5.664192847280620224e-01 -3.322937157403995090e-01
-5.646574799365969843e-01 -3.289540689059675671e-01
-5.628987736431066979e-01 -3.256247590303489314e-01
-5.611431549680236941e-01 -3.223057422085676693e-01
-5.593906130889809702e-01 -3.189969746050977939e-01
-5.576411372404129763e-01 -3.156984124549241377e-01
-5.558947167131566003e-01 -3.124100120645700862e-01
-5.541513408540599261e-01 -3.091317298130785707e-01
-5.524109990655908797e-01 -3.058635221529558690e-01
-5.506736808054516485e-01 -3.026053456110801565e-01
-5.489393755861948776e-01 -2.993571567895659813e-01
-5.472080729748445282e-01 -2.961189123666013723e-01
-5.454797625925185134e-01 -2.928905690972407050e-01
-5.437544341140556625e-01 -2.896720838141684240e-01
-5.420320772676459065e-01 -2.864634134284279599e-01
-5.403126818344630156e-01 -2.832645149301155074e-01
-5.385962376483007796e-01 -2.800753453890466038e-01
-5.368827345952129626e-01 -2.768958619553835154e-01
-5.351721626131549225e-01 -2.737260218602421968e-01
-5.334645116916294505e-01 -2.705657824162601144e-01
-5.317597718713351629e-01 -2.674151010181409216e-01
-5.300579332438184466e-01 -2.642739351431691586e-01
-5.283589859511270692e-01 -2.611422423516967517e-01
-5.266629201854683417e-01 -2.580199802876050885e-01
-5.249697261888692790e-01 -2.549071066787352291e-01
-5.232793942528390918e-01 -2.518035793373020748e-01
-5.215919147180361204e-01 -2.487093561602740088e-01
-5.199072779739357664e-01 -2.456243951297336636e-01
-5.182254744585028661e-01 -2.425486543132162609e-01
-5.165464946578652849e-01 -2.394820918640187257e-01
-5.148703291059919529e-01 -2.364246660214950613e-01
-5.131969683843716767e-01 -2.333763351113223028e-01
-5.115264031216960605e-01 -2.303370575457499014e-01
-5.098586239935446462e-01 -2.273067918238270146e-01
-5.081936217220724972e-01 -2.242854965316087579e-01
-5.065313870757003345e-01 -2.212731303423471074e-01
-5.048719108688084489e-01 -2.182696520166542975e-01
-5.032151839614305011e-01 -2.152750204026591119e-01
-5.015611972589527623e-01 -2.122891944361350036e-01
-4.999099417118140209e-01 -2.093121331406161967e-01
-4.982614083152085427e-01 -2.063437956274967178e-01
-4.966155881087913615e-01 -2.033841410961085838e-01
-4.949724721763869018e-01 -2.004331288337908579e-01
-4.933320516456976557e-01 -1.974907182159357788e-01
-4.916943176880178568e-01 -1.945568687060252600e-01
-4.900592615179480971e-01 -1.916315398556491245e-01
-4.884268743931123313e-01 -1.887146913045107677e-01
-4.867971476138776010e-01 -1.858062827804197459e-01
-4.851700725230763678e-01 -1.829062740992656588e-01
-4.835456405057293461e-01 -1.800146251649876183e-01
-4.819238429887729436e-01 -1.771312959695225675e-01
-4.803046714407872009e-01 -1.742562465927456061e-01
-4.786881173717268401e-01 -1.713894372023976320e-01
-4.770741723326536454e-01 -1.685308280540007697e-01
-4.754628279154726189e-01 -1.656803794907640015e-01
-4.738540757526677472e-01 -1.628380519434733387e-01
-4.722479075170421536e-01 -1.600038059303789673e-01
-4.706443149214592503e-01 -1.571776020570641030e-01
-4.690432897185863315e-01 -1.543594010163090446e-01
-4.674448237006398887e-01 -1.515491635879454013e-01
-4.658489086991330352e-01 -1.487468506386952216e-01
-4.642555365846257054e-01 -1.459524231220110380e-01
-4.626646992664752434e-01 -1.431658420778971486e-01
-4.610763886925905997e-01 -1.403870686327285955e-01
-4.594905968491874715e-01 -1.376160639990601509e-01
-4.579073157605458300e-01 -1.348527894754264211e-01
-4.563265374887691128e-01 -1.320972064461372886e-01
-4.547482541335458595e-01 -1.293492763810604462e-01
-4.531724578319122343e-01 -1.266089608354042384e-01
-4.515991407580171035e-01 -1.238762214494865954e-01
-4.500282951228891659e-01 -1.211510199485016648e-01
-4.484599131742053602e-01 -1.184333181422796005e-01
-4.468939871960611598e-01 -1.157230779250364161e-01
-4.453305095087434218e-01 -1.130202612751247532e-01
-4.437694724685036229e-01 -1.103248302547720217e-01
-4.422108684673339840e-01 -1.076367470098173601e-01
-4.406546899327450917e-01 -1.049559737694417960e-01
-4.391009293275451308e-01 -1.022824728458934240e-01
-4.375495791496205600e-01 -9.961620663420936439e-02
-4.360006319317193957e-01 -9.695713761192810420e-02
-4.344540802412347191e-01 -9.430522833880559952e-02
-4.329099166799913467e-01 -9.166044145651849884e-02
-4.313681338840332224e-01 -8.902273968836886542e-02
-4.298287245234126419e-01 -8.639208583898451421e-02
-4.282916813019811975e-01 -8.376844279401135518e-02
-4.267569969571828326e-01 -8.115177351980935871e-02
-4.252246642598469517e-01 -7.854204106313693312e-02
-4.236946760139847501e-01 -7.593920855084057564e-02
-4.221670250565864313e-01 -7.334323918953399024e-02
-4.206417042574197573e-01 -7.075409626527930096e-02
-4.191187065188303751e-01 -6.817174314326436557e-02
-4.175980247755443076e-01 -6.559614326747449653e-02
-4.160796519944701677e-01 -6.302726016036822032e-02
-4.145635811745048138e-01 -6.046506076918466838e-02
-4.130498053463394492e-01 -5.790965647833727636e-02
-4.115383175722673315e-01 -5.536108533777709534e-02
-4.100291109459929806e-01 -5.281930462476454313e-02
-4.085221785924428306e-01 -5.028427202217207459e-02
-4.070175136675778238e-01 -4.775594561396485221e-02
-4.055151093582059496e-01 -4.523428388075316497e-02
-4.040149588817978366e-01 -4.271924569539885946e-02
-4.025170554863028993e-01 -4.021079031868724646e-02
-4.010213924499668181e-01 -3.770887739505861952e-02
-3.995279630811506832e-01 -3.521346694839462554e-02
-3.980367607181518053e-01 -3.272451937786964582e-02
-3.965477787290243583e-01 -3.024199545385204344e-02
-3.950610105114034099e-01 -2.776585631386587621e-02
-3.935764494923286727e-01 -2.529606345860541464e-02
-3.920940891280705332e-01 -2.283257874800504253e-02
-3.906139229039565230e-01 -2.037536439736362462e-02
-3.891359443342004565e-01 -1.792438297351562487e-02
-3.876601469617306228e-01 -1.547959739106275802e-02
-3.861865243580215323e-01 -1.304097090864779485e-02
-3.847150701229254399e-01 -1.060846712528362365e-02
-3.832457778845056451e-01 -8.182049976730108518e-03
-3.817786412988709022e-01 -5.761683731916100726e-03
-3.803136540500115514e-01 -3.347332989415352771e-03
-3.788508098496355947e-01 -9.389626739625491804e-04
-3.773901024370071022e-01 1.463461966980178974e-03
-3.759315255787856191e-01 3.859975366613390118e-03
-3.744750730688662377e-01 6.250611642146807617e-03
-3.730207387282212794e-01 8.635404598097657508e-03
-3.715685164047434763e-01 1.101438772955359684e-02
-3.701183999730889296e-01 1.338759422538349057e-02
-3.686703833345227332e-01 1.575505697141542719e-02
-3.672244604167648196e-01 1.811680855356745390e-02
-3.657806251738373038e-01 2.047288126094133978e-02
-3.643388715859126048e-01 2.282330708887407578e-02
-3.628991936591634548e-01 2.516811774195125764e-02
-3.614615854256124639e-01 2.750734463698376736e-02
-3.600260409429841824e-01 2.984101890594148890e-02
-3.585925542945578859e-01 3.216917139885476506e-02
-3.571611195890209700e-01 3.449183268667660451e-02
-3.557317309603237332e-01 3.680903306410736320e-02
-3.543043825675350478e-01 3.912080255238793713e-02
-3.528790685946997518e-01 4.142717090205176589e-02
-3.514557832506955415e-01 4.372816759564762679e-02
-3.500345207690924165e-01 4.602382185042538237e-02
-3.486152754080122373e-01 4.831416262098871262e-02
-3.471980414499896694e-01 5.059921860191608778e-02
-3.457828132018338496e-01 5.287901823034504151e-02
-3.443695849944916620e-01 5.515358968853145000e-02
-3.429583511829105702e-01 5.742296090636874600e-02
-3.415491061459041688e-01 5.968715956388320754e-02
-3.401418442860172919e-01 6.194621309369471168e-02
-3.387365600293929524e-01 6.420014868344647851e-02
-3.373332478256396705e-01 6.644899327821020274e-02
-3.359319021477003009e-01 6.869277358285505453e-02
-3.345325174917208044e-01 7.093151606439247747e-02
-3.331350883769210736e-01 7.316524695429134362e-02
-3.317396093454659245e-01 7.539399225076393041e-02
-3.303460749623371440e-01 7.761777772102594619e-02
-3.289544798152065352e-01 7.983662890352756503e-02
-3.275648185143102409e-01 8.205057111016003657e-02
-3.261770856923225104e-01 8.425962942843263914e-02
-3.247912760042321878e-01 8.646382872362665117e-02
-3.234073841272188110e-01 8.866319364092124788e-02
-3.220254047605299874e-01 9.085774860749526449e-02
-3.206453326253594915e-01 9.304751783460531167e-02
-3.192671624647268613e-01 9.523252531963512235e-02
-3.178908890433562173e-01 9.741279484812599698e-02
-3.165165071475576908e-01 9.958834999577864666e-02
-3.151440115851087964e-01 1.017592141304347469e-01
-3.137733971851365822e-01 1.039254104140338864e-01
-3.124046587980007228e-01 1.060869618045465063e-01
-3.110377912951779455e-01 1.082438910578887997e-01
-3.096727895691459009e-01 1.103962207298073012e-01
-3.083096485332690873e-01 1.125439731777509306e-01
-3.069483631216853303e-01 1.146871705627139915e-01
-3.055889282891924852e-01 1.168258348510615580e-01
-3.042313390111361926e-01 1.189599878163334623e-01
-3.028755902832987457e-01 1.210896510410250371e-01
-3.015216771217885672e-01 1.232148459183534245e-01
-3.001695945629295204e-01 1.253355936539943261e-01
-2.988193376631523845e-01 1.274519152678087741e-01
-2.974709014988862199e-01 1.295638315955437436e-01
-2.961242811664506203e-01 1.316713632905145148e-01
-2.947794717819485766e-01 1.337745308252723808e-01
-2.934364684811608393e-01 1.358733544932453630e-01
-2.920952664194393367e-01 1.379678544103684623e-01
-2.907558607716032029e-01 1.400580505166913181e-01
-2.894182467318339724e-01 1.421439625779679916e-01
-2.880824195135727184e-01 1.442256101872305130e-01
-2.867483743494165793e-01 1.463030127663428603e-01
-2.854161064910177292e-01 1.483761895675397291e-01
-2.840856112089806818e-01 1.504451596749470099e-01
-2.827568837927624812e-01 1.525099420060850863e-01
-2.814299195505722828e-01 1.545705553133564780e-01
-2.801047138092720434e-01 1.566269958455197842e-01
-2.787812619142775450e-01 1.586791852084153964e-01
-2.774595592294610280e-01 1.607271495494465297e-01
-2.761396011370527703e-01 1.627709288481929140e-01
-2.748213830375447198e-01 1.648105625056548451e-01
-2.735049003495946818e-01 1.668460893499196240e-01
-2.721901485099301188e-01 1.688775476417582466e-01
-2.708771229732536145e-01 1.709049750801463208e-01
-2.695658192121489494e-01 1.729284088077232551e-01
-2.682562327169866756e-01 1.749478854161742036e-01
-2.669483589958314695e-01 1.769634409515530304e-01
-2.656421935743497054e-01 1.789751109195339418e-01
-2.643377319957174731e-01 1.809829302906008353e-01
-2.630349698205295961e-01 1.829869335051732271e-01
-2.617339026267084257e-01 1.849871544786681754e-01
-2.604345260094147463e-01 1.869836266065023067e-01
-2.591368355809572366e-01 1.889763827690335019e-01
-2.578408269707042066e-01 1.909654553364419360e-01
-2.565464958249949468e-01 1.929508761735537758e-01
-2.552538378070524083e-01 1.949326766446086434e-01
-2.539628485968953298e-01 1.969108876179686551e-01
-2.526735238912526937e-01 1.988855394707726154e-01
-2.513858594034764082e-01 2.008566620935383906e-01
-2.500998508634565964e-01 2.028242848947076904e-01
-2.488154940175364149e-01 2.047884368051412496e-01
-2.475327846284276490e-01 2.067491462825611082e-01
-2.462517184751266408e-01 2.087064413159414322e-01
-2.449722913528316615e-01 2.106603494298509849e-01
-2.436944990728590332e-01 2.126108976887448876e-01
-2.424183374625616394e-01 2.145581127012082534e-01
-2.411438023652468787e-01 2.165020206241525247e-01
-2.398708896400955082e-01 2.184426471669642655e-01
-2.385995951620806799e-01 2.203800175956089347e-01
-2.373299148218884214e-01 2.223141567366870297e-01
-2.360618445258370890e-01 2.242450889814487924e-01
-2.347953801957986253e-01 2.261728382897620349e-01
-2.335305177691197609e-01 2.280974281940380266e-01
-2.322672531985439659e-01 2.300188818031144167e-01
-2.310055824521333734e-01 2.319372218060953283e-01
-2.297455015131923406e-01 2.338524704761532902e-01
-2.284870063801897055e-01 2.357646496742855091e-01
-2.272300930666832364e-01 2.376737808530340335e-01
-2.259747576012436365e-01 2.395798850601654484e-01
-2.247209960273793827e-01 2.414829829423101593e-01
-2.234688044034615351e-01 2.433830947485658425e-01
-2.222181788026502125e-01 2.452802403340601789e-01
-2.209691153128196528e-01 2.471744391634796423e-01
-2.197216100364854652e-01 2.490657103145595686e-01
-2.184756590907314944e-01 2.509540724815377266e-01
-2.172312586071372675e-01 2.528395439785746657e-01
-2.159884047317060241e-01 2.547221427431355378e-01
-2.147470936247928008e-01 2.566018863393414451e-01
-2.135073214610340164e-01 2.584787919612823726e-01
-2.122690844292757228e-01 2.603528764363000625e-01
-2.110323787325039668e-01 2.622241562282358607e-01
-2.097972005877747625e-01 2.640926474406457003e-01
-2.085635462261447026e-01 2.659583658199846656e-01
-2.073314118926017358e-01 2.678213267587567503e-01
-2.061007938459971933e-01 2.696815452986368045e-01
-2.048716883589768167e-01 2.715390361335583980e-01
-2.036440917179135335e-01 2.733938136127734286e-01
-2.024180002228400388e-01 2.752458917438792563e-01
-2.011934101873818215e-01 2.770952841958190804e-01
-1.999703179386906338e-01 2.789420043018497886e-01
-1.987487198173787939e-01 2.807860650624831589e-01
-1.975286121774527948e-01 2.826274791483974758e-01
-1.963099913862485502e-01 2.844662589033211675e-01
-1.950928538243663080e-01 2.863024163468878003e-01
-1.938771958856061739e-01 2.881359631774652597e-01
-1.926630139769038852e-01 2.899669107749547337e-01
-1.914503045182675833e-01 2.917952702035671031e-01
-1.902390639427137264e-01 2.936210522145681900e-01
-1.890292886962046948e-01 2.954442672490015243e-01
-1.878209752375859798e-01 2.972649254403824659e-01
-1.866141200385241228e-01 2.990830366173684585e-01
-1.854087195834446256e-01 3.008986103064035245e-01
-1.842047703694712213e-01 3.027116557343368375e-01
-1.830022689063637575e-01 3.045221580879303724e-01
-1.818012117164582719e-01 3.063300965836246448e-01
-1.806015953346063463e-01 3.081355094184426990e-01
-1.794034163081151267e-01 3.099384354603123004e-01
-1.782066711966877048e-01 3.117389128249882235e-01
-1.770113565723642202e-01 3.135369788824696746e-01
-1.758174690194622136e-01 3.153326702633417189e-01
-1.746250051345186460e-01 3.171260228650560342e-01
-1.734339615262314449e-01 3.189170718581403885e-01
-1.722443348154017173e-01 3.207058516923451119e-01
-1.710561216348762126e-01 3.224923961027266195e-01
-1.698693186294900070e-01 3.242767381156663742e-01
-1.686839224560100770e-01 3.260589100548305641e-01
-1.674999297830782607e-01 3.278389435470689395e-01
-1.663173372911553038e-01 3.296168695282546413e-01
-1.651361416724650977e-01 3.313927182490659651e-01
-1.639563396309391130e-01 3.331665192807127251e-01
-1.627779278821610276e-01 3.349383015206059411e-01
-1.616009031533124640e-01 3.367080931979722358e-01
-1.604252621831176728e-01 3.384759218794171631e-01
-1.592510017217896867e-01 3.402418144744326911e-01
-1.580781185309765025e-01 3.420057972408563352e-01
-1.569066093837073739e-01 3.437678957902770560e-01
-1.557364710643394101e-01 3.455281350933915863e-01
-1.545677003685052009e-01 3.472865394853140164e-01
-1.534002941030593037e-01 3.490431326708355320e-01
-1.522342490860265074e-01 3.507979377296356338e-01
-1.510695621465495964e-01 3.525509771214508370e-01
-1.499062301248376416e-01 3.543022726911933540e-01
-1.487442498721144035e-01 3.560518456740281446e-01
-1.475836182505677885e-01 3.577997167004040580e-01
-1.464243321332981684e-01 3.595459058010421760e-01
-1.452663884042683373e-01 3.612904324118819122e-01
-1.441097839582532181e-01 3.630333153789839229e-01
-1.429545157007898193e-01 3.647745729633927736e-01
-1.418005805481274417e-01 3.665142228459573603e-01
-1.406479754271787730e-01 3.682522821321145279e-01
-1.394966972754701773e-01 3.699887673566277790e-01
-1.383467430410931231e-01 3.717236944882935656e-01
-1.371981096826557500e-01 3.734570789346030595e-01
-1.360507941692344624e-01 3.751889355463712827e-01
-1.349047934803258852e-01 3.769192786223250491e-01
-1.337601046057996512e-01 3.786481219136565990e-01
-1.326167245458501343e-01 3.803754786285402090e-01
-1.314746503109498754e-01 3.821013614366134958e-01
-1.303338789218025373e-01 3.838257824734220836e-01
-1.291944074092962191e-01 3.855487533448314630e-01
-1.280562328144571327e-01 3.872702851314031025e-01
-1.269193521884034170e-01 3.889903883927374184e-01
-1.257837625922996472e-01 3.907090731717819398e-01
-1.246494610973107181e-01 3.924263489991084430e-01
-1.235164447845568392e-01 3.941422248971556130e-01
-1.223847107450684035e-01 3.958567093844405638e-01
-1.212542560797412322e-01 3.975698104797368293e-01
-1.201250778992917767e-01 3.992815357062227677e-01
-1.189971733242134455e-01 4.009918920955968802e-01
-1.178705394847316540e-01 4.027008861921636540e-01
-1.167451735207606367e-01 4.044085240568874307e-01
-1.156210725818596907e-01 4.061148112714174085e-01
-1.144982338271898492e-01 4.078197103773161247e-01
-1.133766544254707492e-01 4.095228499478872908e-01
-1.122563315549382074e-01 4.112242074294755190e-01
-1.111372624033009210e-01 4.129238617806177958e-01
-1.100194441676986545e-01 4.146218896126827591e-01
-1.089028740546598845e-01 4.163183652087959485e-01
-1.077875492800599994e-01 4.180133605425675469e-01
-1.066734670690795000e-01 4.197069452966247227e-01
-1.055606246561630740e-01 4.213991868809596752e-01
-1.044490192849776428e-01 4.230901504510972688e-01
-1.033386482083719360e-01 4.247798989260885838e-01
-1.022295086883356074e-01 4.264684930063378787e-01
-1.011215979959586841e-01 4.281559911912667382e-01
-1.000149134113912514e-01 4.298424497968220681e-01
-9.890945222380380375e-02 4.315279229728322119e-01
-9.780521173134670843e-02 4.332124627202184053e-01
-9.670218924111105563e-02 4.348961189080627898e-01
-9.560038206908912095e-02 4.365789392905404798e-01
-9.449978754013521609e-02 4.382609695237188463e-01
-9.340040298792656737e-02 4.399422531822283489e-01
-9.230222575492506853e-02 4.416228317758076893e-01
-9.120525319233796502e-02 4.433027447657306719e-01
-9.010948266008003693e-02 4.449820295811132143e-01
-8.901491152673537965e-02 4.466607216351072829e-01
-8.792153716951942033e-02 4.483388543409848603e-01
-8.682935697424126742e-02 4.500164591281131110e-01
-8.573836833526607415e-02 4.516935654578245196e-01
-8.464856865547822073e-02 4.533702008391862215e-01
-8.355995534624346965e-02 4.550463908446679140e-01
-8.247252582737259197e-02 4.567221591257129565e-01
-8.138627752708454954e-02 4.583975274282139911e-01
-8.030120788196996873e-02 4.600725156078961930e-01
-7.921731433695476665e-02 4.617471416456075950e-01
-7.813459434526451308e-02 4.634214216625205385e-01
-7.705304536838777918e-02 4.650953699352459725e-01
-7.597266487604097118e-02 4.667689989108590454e-01
-7.489345034613262286e-02 4.684423192218417076e-01
-7.381539926472810431e-02 4.701153397009389390e-01
-7.273850912601437235e-02 4.717880673959332638e-01
-7.166277743226549812e-02 4.734605075843373867e-01
-7.058820169380716769e-02 4.751326637880045611e-01
-6.951477942898261209e-02 4.768045377876588553e-01
-6.844250816411810712e-02 4.784761296373449824e-01
-6.737138543348870912e-02 4.801474376787993048e-01
-6.630140877928422660e-02 4.818184585557410138e-01
-6.523257575157573318e-02 4.834891872280843717e-01
-6.416488390828128940e-02 4.851596169860730723e-01
-6.309833081513291364e-02 4.868297394643343878e-01
-6.203291404564312966e-02 4.884995446558564880e-01
-6.096863118107188201e-02 4.901690209258848241e-01
-5.990547981039346520e-02 4.918381550257419077e-01
-5.884345753026421627e-02 4.935069321065648218e-01
-5.778256194498920806e-02 4.951753357329661265e-01
-5.672279066649029561e-02 4.968433478966122752e-01
-5.566414131427376011e-02 4.985109490297228718e-01
-5.460661151539820263e-02 5.001781180184871056e-01
-5.355019890444252806e-02 5.018448322163997499e-01
-5.249490112347467152e-02 5.035110674575132839e-01
-5.144071582201930476e-02 5.051768214778775690e-01
-5.038764065702689560e-02 5.068423516271569618e-01
-4.933567329284236497e-02 5.085077611308145284e-01
-4.828481140117397291e-02 5.101730808405927631e-01
-4.723505266106241968e-02 5.118383398460010225e-01
-4.618639475884997458e-02 5.135035654881372480e-01
-4.513883538815033347e-02 5.151687833734329702e-01
-4.409237224981748388e-02 5.168340173873228194e-01
-4.304700305191591636e-02 5.184992897078408713e-01
-4.200272550969035706e-02 5.201646208191452736e-01
-4.095953734553583331e-02 5.218300295249732601e-01
-3.991743628896774615e-02 5.234955329620271103e-01
-3.887642007659267152e-02 5.251611466132936057e-01
-3.783648645207816907e-02 5.268268843212966512e-01
-3.679763316612393725e-02 5.284927583012859476e-01
-3.575985797643244785e-02 5.301587791543604933e-01
-3.472315864767996918e-02 5.318249558805311361e-01
-3.368753295148751298e-02 5.334912958917190640e-01
-3.265297866639258612e-02 5.351578050246929008e-01
-3.161949357781988074e-02 5.368244875539478489e-01
-3.058707547805333479e-02 5.384913462045203270e-01
-2.955572216620767217e-02 5.401583821647457651e-01
-2.852543144820028284e-02 5.418255950989564473e-01
-2.749620113672308908e-02 5.434929831601189587e-01
-2.646802905121515073e-02 5.451605430024126786e-01
-2.544091301783425046e-02 5.468282697937516534e-01
-2.441485086942977653e-02 5.484961580156271221e-01
-2.338984044551517538e-02 5.501642248742424357e-01
-2.236587959224066446e-02 5.518324725209016179e-01
-2.134296616236594502e-02 5.535008783007929756e-01
-2.032109801523365386e-02 5.551694042187382827e-01
-1.930027301674179518e-02 5.568379970677140856e-01
-1.828048903931746641e-02 5.585065885567334076e-01
-1.726174396189011917e-02 5.601750954380633196e-01
-1.624403566986510478e-02 5.618434196337444009e-01
-1.522736205509722489e-02 5.635114483613725689e-01
-1.421172101586497087e-02 5.651790542590920952e-01
-1.319711045684378824e-02 5.668460955097504028e-01
-1.218352828908058488e-02 5.685124159641480324e-01
-1.117097242996781953e-02 5.701777904116915874e-01
-1.015944080321781913e-02 5.718418565448670776e-01
-9.148931338837236818e-03 5.735041361125827741e-01
-8.139441973101527172e-03 5.751638290177952806e-01
-7.130970648530100646e-03 5.768198081206201699e-01
-6.123515313860494400e-03 5.784706219346422706e-01
-5.117073924023785199e-03 5.801142496374733781e-01
-4.111644440119569498e-03 5.817469934539329923e-01
-3.107224829391178143e-03 5.833610225835573759e-01
-2.103813065200910160e-03 5.849406199306120824e-01
-1.101407127005939396e-03 5.864358661144435381e-01
-1.000050003333473249e-04 5.873331167822338772e-01
