# mu (MeV), Tc (MeV), delta_Tc (MeV), order
0.000000000000000000e+00 8.794598697715238700e+01 -6.438444546915178535e-02 2.000000000000000000e+00
1.280000000000000000e+02 8.250252949151351345e+01 2.437061056319578256e-03 2.000000000000000000e+00
1.920000000000000000e+02 8.040816754965075575e+01 -3.566997624400229938e-01 2.000000000000000000e+00
2.240000000000000000e+02 7.750705653166794207e+01 3.247825936867343444e-03 2.000000000000000000e+00
2.400000000000000000e+02 7.614343849756986060e+01 5.083513918187065883e-03 2.000000000000000000e+00
2.480000000000000000e+02 7.538632007498856069e+01 9.551271167026698095e-03 2.000000000000000000e+00
2.500000000000000000e+02 7.521777306825775611e+01 3.282543438047014206e-03 2.000000000000000000e+00
2.510000000000000000e+02 7.509265228453224950e+01 4.389529020053828390e-02 1.000000000000000000e+00
2.520000000000000000e+02 7.504270408489520605e+01 2.297780406633620487e-02 1.000000000000000000e+00
2.560000000000000000e+02 7.462339782664849963e+01 2.372318692169983478e-02 1.000000000000000000e+00
