# mu (MeV), Tc (MeV), delta_Tc (MeV), order
0.000000000000000000e+00 8.575935721669968359e+01 4.598888962078717668e-03 2.000000000000000000e+00
1.280000000000000000e+02 8.168079407383379476e+01 -4.973841589064420532e-02 2.000000000000000000e+00
2.560000000000000000e+02 7.254291679658405201e+01 5.013802560512203854e-03 2.000000000000000000e+00
3.200000000000000000e+02 6.561592869849536669e+01 4.709697094703813036e-03 2.000000000000000000e+00
3.280000000000000000e+02 6.475185369129982860e+01 4.188071027492412668e-03 2.000000000000000000e+00
3.320000000000000000e+02 6.430687496971273731e+01 7.771797662435631082e-03 2.000000000000000000e+00
3.340000000000000000e+02 6.409398083752654429e+01 4.089494772031798675e-03 1.000000000000000000e+00
3.360000000000000000e+02 6.386010478992788109e+01 1.954433146162415369e-02 1.000000000000000000e+00
3.520000000000000000e+02 6.208173186451865888e+01 1.186037413666340967e-02 1.000000000000000000e+00
3.840000000000000000e+02 5.832201408954877309e+01 9.438347296197946434e-02 1.000000000000000000e+00
